# - Escoamento_Potencial de velocidade
# Coordenadas dos nos
673
1 1550.2217 137.0114
2 1371.4884 132.9665
3 1192.1804 127.9903
4 1015.8387 121.7936
5 843.5759 114.6839
6 679.1748 106.9569
7 521.462 107.5742
8 368.1799 105.8659
9 244.2868 91.4276
10 265.2099 200.7525
11 135.589 262.9765
12 3.6268 284.2726
13 -123.7729 258.3925
14 -243.8109 186.1863
15 -288.5106 73.3044
16 -390.8928 144.753
17 -534.1969 114.9393
18 -682.4444 107.5566
19 -843.6468 114.083
20 -1017.3465 122.1291
21 -1195.6186 129.3905
22 -1374.975 134.4028
23 -1552.1297 138.1616
24 -1726.2959 139.5982
25 -1874.5298 126.5959
26 -1825.8568 296.321
27 -1850.9307 491.2359
28 -1845.8715 651.8474
29 -1689.8936 671.591
30 -1523.102 672.7952
31 -1353.1983 673.1912
32 -1197.7731 676.1825
33 -1056.0341 670.5609
34 -998.6647 524.1186
35 -861.5574 462.7037
36 -759.7347 455.1034
37 -665.5947 435.5924
38 -542.0929 455.2949
39 -427.7659 521.3221
40 -348.6417 619.7901
41 -307.9842 724.3576
42 -208.8934 641.6416
43 -54.1475 665.2131
44 117.0017 668.2914
45 290.6947 680.1546
46 441.3264 686.8922
47 488.9133 582.0238
48 560.3415 471.0005
49 704.2742 437.6584
50 850.4769 471.2373
51 920.1619 583.2653
52 967.6524 688.9899
53 1129.5918 684.7546
54 1317.1432 672.5599
55 1509.9258 671.3041
56 1686.1171 670.1297
57 1845.9027 650.4713
58 1851.896 489.3268
59 1825.8136 294.9428
60 1874.361 126.0137
61 1725.0989 138.7559
62 1261.5181 260.9395
63 1081.6462 248.652
64 907.8573 234.9674
65 741.5532 219.8489
66 602.908 197.7632
67 447.2351 236.8163
68 291.2524 354.698
69 98.8284 395.4203
70 -88.7065 405.5713
71 -249.374 326.9649
72 -357.5153 252.0465
73 -486.5314 233.1187
74 -609.7467 198.6347
75 -739.5147 221.6976
76 -905.6921 239.9499
77 -1085.0444 258.0432
78 -1270.8429 270.5309
79 -1452.9805 275.5325
80 -1629.8703 283.2695
81 -1695.5349 433.6875
82 -1736.5259 559.3371
83 -1603.3697 549.7152
84 -1440.7975 545.2647
85 -1274.4122 549.7917
86 -1136.9928 569.9061
87 -1155.3862 422.0716
88 -964.4578 376.7717
89 -786.6054 358.349
90 -607.2463 324.659
91 -419.637 372.1309
92 -266.094 491.5916
93 -117.1741 549.5627
94 29.2996 536.1127
95 228.6904 530.0741
96 374.013 593.8599
97 403.3755 484.6431
98 465.7899 376.0528
99 618.2754 326.7509
100 799.4848 342.0218
101 967.2099 361.5296
102 1020.3474 488.8474
103 1043.9752 599.1521
104 1200.516 538.7368
105 1415.6743 540.3484
106 1595.8497 546.7463
107 1735.1299 557.0789
108 1692.2698 430.8767
109 1625.8838 280.649
110 1443.8803 270.796
111 -1355.366 413.4389
112 -1529.6729 417.2928
113 1517.7111 412.0402
114 1330.3461 400.9092
115 1142.5405 383.0943
116 1422.6209 66.4832
117 1334.9132 66.4832
118 1511.9876 68.5057
119 1460.8551 134.9889
120 1245.2592 63.9952
121 1157.5514 63.9952
122 1281.8344 130.4784
123 1069.3806 60.8968
124 981.6728 60.8968
125 1104.0095 124.8919
126 895.5415 57.3419
127 807.8337 57.3419
128 929.7073 118.2387
129 725.6332 53.4784
130 638.7074 53.4784
131 761.3753 110.8204
132 559.851 53.7871
133 479.3423 53.7871
134 600.3184 107.2656
135 402.7013 52.933
136 335.7504 52.933
137 444.821 106.7201
138 273.8038 45.7138
139 222.1434 45.7138
140 306.2333 98.6467
141 212.2395 89.1018
142 184.4916 123.896
143 130.1428 209.6704
144 90.0466 228.9807
145 194.9532 178.5585
146 254.7483 146.09
147 200.3994 231.8645
148 24.0655 239.6288
149 -20.4386 239.6288
150 69.6079 273.6245
151 -84.1385 226.6888
152 -124.2347 207.3785
153 -60.073 271.3326
154 -184.2537 171.2754
155 -212.0016 136.4812
156 -183.7919 222.2894
157 -234.3514 80.0403
158 -244.2553 36.6522
159 -266.1608 129.7454
160 -295.9157 36.6522
161 -362.8666 36.6522
162 -485.7098 57.4697
163 -566.2184 57.4697
164 -414.0577 72.3765
165 -339.7017 109.0287
166 -462.5448 129.8461
167 -640.3422 53.7783
168 -727.268 53.7783
169 -608.3207 111.248
170 -807.8691 57.0415
171 -895.5769 57.0415
172 -763.0456 110.8198
173 -982.4268 61.0645
174 -1070.1345 61.0645
175 -930.4966 118.1061
176 -1159.2706 64.6953
177 -1246.9783 64.6953
178 -1106.4825 125.7598
179 -1336.6565 67.2014
180 -1424.3643 67.2014
181 -1285.2968 131.8967
182 -1512.9416 69.0808
183 -1600.6494 69.0808
184 -1463.5524 136.2822
185 -1687.7325 69.7991
186 -1775.4402 69.7991
187 -1639.2128 138.8799
188 -1849.5572 63.2979
189 -1937.2649 63.2979
190 -1800.4129 133.097
191 -1937.2649 163.2979
192 -1912.9284 248.1605
193 -1912.9284 348.1605
194 -1850.1933 211.4584
195 -1925.4654 445.6179
196 -1925.4654 545.6179
197 -1838.3937 393.7784
198 -1922.9358 625.9237
199 -1922.9358 725.9237
200 -1848.4011 571.5417
201 -1827.8907 725.9237
202 -1749.9017 735.7955
203 -1654.8566 735.7955
204 -1767.8826 661.7192
205 -1571.4608 736.3976
206 -1476.4157 736.3976
207 -1606.4978 672.1931
208 -1391.4639 736.5956
209 -1303.0681 736.5956
210 -1438.1501 672.9932
211 -1225.3555 738.0912
212 -1153.6839 738.0912
213 -1275.4857 674.6868
214 -1082.8144 735.2804
215 -1028.0171 735.2804
216 -1126.9036 673.3717
217 -1020.6747 688.9282
218 -999.3693 647.1129
219 -970.6845 573.8917
220 -937.4999 540.7071
221 -1027.3494 597.3397
222 -868.9463 509.9997
223 -827.1309 488.6943
224 -930.111 493.4112
225 -776.2196 484.8941
226 -729.8673 477.5517
227 -810.646 458.9036
228 -682.7974 467.7962
229 -636.4451 475.1386
230 -712.6647 445.3479
231 -574.6942 484.9899
232 -532.8789 506.2953
233 -603.8438 445.4437
234 -475.7154 539.3088
235 -442.5307 572.4935
236 -484.9294 488.3085
237 -402.9687 621.7275
238 -381.6633 663.5428
239 -388.2038 570.5561
240 -361.3345 715.8265
241 -353.9921 762.1788
242 -328.313 672.0739
243 -300.8752 762.1788
244 -232.021 762.1788
245 -105.1026 732.6066
246 -19.936 732.6066
247 -182.4756 720.8208
248 -258.4388 682.9996
249 -131.5204 653.4274
250 65.6386 734.1457
251 157.9037 734.1457
252 31.4271 666.7523
253 244.7502 740.0773
254 337.0152 740.0773
255 203.8482 674.223
256 412.331 743.4461
257 495.6632 743.4461
258 366.0105 683.5234
259 502.4301 681.0896
260 526.2236 628.6553
261 543.0222 581.7753
262 465.1198 634.458
263 578.7363 526.2637
264 607.7126 492.38
265 524.6274 526.5121
266 679.6789 475.709
267 722.0929 474.2598
268 632.3079 454.3294
269 795.1942 491.0493
270 825.0636 523.5589
271 777.3755 454.4478
272 859.9062 579.5729
273 877.7766 627.018
274 885.3194 527.2513
275 901.5218 679.8803
276 908.8262 744.4949
277 943.9072 636.1276
278 997.694 744.4949
279 1078.6637 742.3773
280 1175.8249 742.3773
281 1048.6221 686.8722
282 1269.6006 736.2799
283 1366.8434 736.2799
284 1223.3675 678.6572
285 1463.2347 735.6521
286 1560.4774 735.6521
287 1413.5345 671.932
288 1648.5731 735.0649
289 1745.8158 735.0649
290 1598.0215 670.7169
291 1825.7086 725.2356
292 1922.9513 725.2356
293 1766.0099 660.3005
294 1922.9513 625.2356
295 1925.948 544.6634
296 1925.948 444.6634
297 1848.8993 569.8991
298 1912.9068 347.4714
299 1912.9068 247.4714
300 1838.8548 392.1348
301 1937.1805 163.0069
302 1937.1805 63.0069
303 1850.0873 210.4782
304 1849.4728 63.0069
305 1774.8417 69.378
306 1687.134 69.378
307 1799.73 132.3848
308 1599.6954 68.5057
309 1637.6603 137.8837
310 -317.3518 165.4696
311 -1776.0763 217.9596
312 -278.7676 630.7159
313 1775.4563 216.8494
314 1136.9133 188.3212
315 1048.7424 185.2228
316 1226.8492 194.4649
317 1171.5822 254.7958
318 961.848 178.3805
319 875.7166 174.8256
320 994.7518 241.8097
321 792.5645 167.2664
322 710.364 163.4029
323 824.7052 227.4081
324 641.0414 152.36
325 562.185 152.6687
326 672.2306 208.8061
327 484.3485 172.1953
328 407.7075 171.3411
329 525.0715 217.2898
330 316.6949 153.3092
331 356.2225 218.7844
332 278.2311 277.7253
333 213.4207 308.8372
334 369.2437 295.7572
335 117.2087 329.1984
336 51.2276 339.8465
337 195.0404 375.0592
338 -42.5398 344.9219
339 -106.2397 331.9819
340 5.061 400.4958
341 -186.5735 292.6787
342 -246.5925 256.5756
343 -169.0403 366.2681
344 -300.6631 219.1164
345 -374.2041 198.3997
346 -303.4447 289.5057
347 -438.7121 188.9358
348 -510.3641 174.029
349 -422.0234 242.5826
350 -571.9718 156.787
351 -646.0956 153.0957
352 -548.1391 215.8767
353 -710.9796 164.6271
354 -791.5807 167.8903
355 -674.6307 210.1662
356 -874.6694 177.0165
357 -961.5193 181.0395
358 -822.6034 230.8238
359 -1051.1954 190.0861
360 -1140.3315 193.7169
361 -995.3682 248.9965
362 -1233.2308 199.9607
363 -1322.909 202.4669
364 -1177.9437 264.2871
365 -1413.9778 204.9676
366 -1502.5551 206.847
367 -1361.9117 273.0317
368 -1591 210.7155
369 -1678.0831 211.4338
370 -1541.4254 279.401
371 -1727.8635 289.7953
372 -1760.6958 365.0042
373 -1773.2328 462.4617
374 -1662.7026 358.4785
375 -1793.7283 525.2865
376 -1791.1987 605.5923
377 -1716.0304 496.5123
378 -1713.2097 615.4641
379 -1646.6316 610.6531
380 -1563.2358 611.2552
381 -1669.9478 554.5261
382 -1481.9497 609.0299
383 -1396.9979 609.228
384 -1522.0836 547.4899
385 -1313.8053 611.4915
386 -1236.0927 612.9871
387 -1357.6049 547.5282
388 -1167.3829 623.0443
389 -1096.5134 620.2335
390 -1205.7025 559.8489
391 -1067.8287 547.0123
392 -981.5612 450.4451
393 -913.0076 419.7377
394 -1077.0254 473.0951
395 -1146.1895 495.9888
396 -1059.922 399.4217
397 -824.0814 410.5264
398 -773.1701 406.7262
399 -875.5316 367.5604
400 -726.1001 396.9707
401 -636.4205 380.1257
402 -574.6696 389.977
403 -696.9258 341.504
404 -480.8649 413.7129
405 -423.7014 446.7265
406 -513.4416 348.395
407 -346.9299 506.4569
408 -307.3678 555.6909
409 -342.8655 431.8613
410 -237.4937 566.6166
411 -163.0337 595.6022
412 -85.6608 607.3879
413 -191.634 520.5772
414 -12.424 600.6629
415 73.1506 602.2021
416 -43.9373 542.8377
417 172.846 599.1828
418 259.6925 605.1144
419 128.995 533.0934
420 332.3538 637.0073
421 407.6697 640.3761
422 301.3517 561.967
423 431.4631 587.9418
424 446.1444 533.3334
425 481.8585 477.8218
426 388.6942 539.2515
427 589.3085 398.8757
428 661.2748 382.2047
429 513.0657 423.5267
430 434.5827 430.348
431 542.0327 351.4019
432 751.8795 389.8401
433 824.9808 406.6295
434 708.8801 334.3863
435 935.4121 480.0423
436 970.2547 536.0563
437 908.8434 416.3835
438 883.3473 351.7757
439 993.7787 425.1885
440 982.0686 591.2087
441 1005.8138 644.071
442 1032.1613 543.9997
443 1086.7835 641.9533
444 1165.0539 611.7457
445 1258.8296 605.6484
446 1122.2456 568.9445
447 1366.4087 606.4541
448 1462.8001 605.8262
449 1308.0952 539.5426
450 1552.8878 609.0252
451 1640.9834 608.438
452 1505.762 543.5473
453 1710.6235 613.6043
454 1790.5163 603.7751
455 1665.4898 551.9126
456 1793.5129 523.2029
457 1772.0829 460.1018
458 1759.0417 362.9097
459 1713.6998 493.9778
460 1725.8487 287.7959
461 1675.4914 209.7025
462 1659.0768 355.7628
463 1588.0528 208.8302
464 1497.051 203.9037
465 1407.6843 201.8812
466 1534.882 275.7225
467 1316.5032 196.953
468 1352.6992 265.8677
469 -1649.4523 491.7013
470 1644.0597 488.8115
471 -1404.1732 344.4857
472 -1313.1044 341.9849
473 -1579.7716 350.2811
474 -1491.3267 346.4126
475 -1612.6039 425.4901
476 -1566.5213 483.504
477 -1442.5194 415.3658
478 -1485.2352 481.2787
479 -1398.0817 479.3518
480 -1314.8891 481.6153
481 -1213.1146 346.3013
482 -1120.2153 340.0574
483 -1255.3761 417.7553
484 -1214.8992 485.9317
485 1024.4281 305.0908
486 937.5336 298.2485
487 1054.8752 372.312
488 1112.0934 315.8732
489 1604.9904 421.4585
490 1556.7804 479.3932
491 1571.7974 346.3446
492 1480.7957 341.4181
493 1466.6927 476.1943
494 1424.0286 406.4747
495 1373.0102 470.6288
496 1387.1132 335.8526
497 1295.9321 330.9244
498 1265.4311 469.823
499 1110.4317 513.7921
500 1081.444 435.9708
501 1171.5283 460.9156
502 1202.0293 322.0169
503 1236.4433 392.0018
504 532.7552 281.7836
505 610.5917 262.2571
506 456.5125 306.4346
507 770.519 280.9353
508 853.671 288.4946
509 679.9143 273.2999
510 -846.1487 299.1495
511 -935.0749 308.3608
512 -1024.7511 317.4074
513 378.5211 365.3754
514 347.314 419.6706
515 163.7594 462.7472
516 259.9714 442.3861
517 64.064 465.7665
518 316.0329 507.3586
519 -453.0842 302.6248
520 -546.8888 278.8889
521 -388.5761 312.0887
522 -608.4965 261.6469
523 -763.0601 290.0233
524 -673.3805 273.1783
525 -29.7035 470.842
526 -102.9403 477.567
527 -257.734 409.2783
528 -334.5055 349.5479
529 -177.4002 448.5814
530 -2000 200
531 -2000 400
532 -2000 600
533 -2000 100
534 -2000 300
535 -2000 500
536 -2000 700
537 -1809.9098 800
538 -1619.8197 800
539 -1429.7295 800
540 -1252.9379 800
541 -1109.5946 800
542 -1904.9549 800
543 -1714.8647 800
544 -1524.7746 800
545 -1341.3337 800
546 -1181.2663 800
547 -1054.7973 800
548 -303.3208 0
549 -437.2227 0
550 -598.2399 0
551 -772.0915 0
552 -947.507 0
553 -1122.9225 0
554 -1298.338 0
555 -1473.7535 0
556 -1649.169 0
557 -1824.5845 0
558 -251.6604 0
559 -370.2718 0
560 -517.7313 0
561 -685.1657 0
562 -859.7993 0
563 -1035.2148 0
564 -1210.6303 0
565 -1386.0458 0
566 -1561.4613 0
567 -1736.8768 0
568 -1912.2923 0
569 -985.3152 707.2955
570 -942.7044 623.6649
571 -876.3351 557.2956
572 -792.7045 514.6848
573 -700 500
574 -607.2955 514.6848
575 -523.6649 557.2956
576 -457.2956 623.6649
577 -414.6848 707.2955
578 -996.2933 753.0696
579 -967.3017 663.803
580 -912.1306 587.8694
581 -836.197 532.6983
582 -746.9302 503.6949
583 -653.0698 503.6949
584 -563.803 532.6983
585 -487.8694 587.8694
586 -432.6983 663.803
587 -403.7067 753.0696
588 180.1923 86.7761
589 124.6965 156.3644
590 44.5041 194.985
591 -44.5041 194.985
592 -124.6965 156.3644
593 -180.1923 86.7761
594 194.9809 44.5045
595 156.3644 124.6965
596 86.7761 180.1923
597 0 200
598 -86.7761 180.1923
599 -156.3644 124.6965
600 -194.9809 44.5045
601 -293.7661 800
602 -156.0578 800
603 14.2755 800
604 198.8056 800
605 383.3357 800
606 -346.8831 800
607 -224.912 800
608 -70.8911 800
609 106.5406 800
610 291.0707 800
611 466.6679 800
612 563.5339 675.2869
613 597.1311 581.5269
614 655.0836 513.7595
615 739.9116 510.8613
616 799.6504 575.8805
617 835.3913 670.7708
618 553.3 737.2691
619 577.2658 627.3133
620 621.8721 543.9396
621 697.1072 500.0741
622 774.1731 539.2713
623 820.7544 622.1007
624 846.4593 734.9681
625 1824.5845 0
626 1649.169 0
627 1473.7535 0
628 1298.338 0
629 1122.9225 0
630 947.507 0
631 772.0915 0
632 598.2399 0
633 437.2227 0
634 303.3208 0
635 1386.0458 0
636 1210.6303 0
637 1035.2148 0
638 859.7993 0
639 685.1657 0
640 517.7313 0
641 370.2718 0
642 251.6604 0
643 1912.2923 0
644 1736.8768 0
645 1561.4613 0
646 1027.7356 800
647 1222.058 800
648 1416.5435 800
649 1611.029 800
650 1805.5145 800
651 938.8678 800
652 1124.8968 800
653 1319.3008 800
654 1513.7863 800
655 1708.2718 800
656 1902.7573 800
657 2000 600
658 2000 400
659 2000 200
660 2000 700
661 2000 500
662 2000 300
663 2000 100
664 -2000 0
665 -2000 800
666 -1000 800
667 -200 0
668 -400 800
669 200 0
670 550 800
671 850 800
672 2000 0
673 2000 800
# Matriz de incidências/conectividades
300
1 1 6 2 627 628 116 635 117
2 1 6 1 627 2 118 116 119
3 1 6 3 628 629 120 636 121
4 1 6 2 628 3 117 120 122
5 1 6 4 629 630 123 637 124
6 1 6 3 629 4 121 123 125
7 1 6 5 630 631 126 638 127
8 1 6 4 630 5 124 126 128
9 1 6 6 631 632 129 639 130
10 1 6 5 631 6 127 129 131
11 1 6 7 632 633 132 640 133
12 1 6 6 632 7 130 132 134
13 1 6 8 633 634 135 641 136
14 1 6 7 633 8 133 135 137
15 1 6 9 634 669 138 642 139
16 1 6 8 634 9 136 138 140
17 1 6 9 669 588 139 594 141
18 1 6 9 588 589 141 595 142
19 1 6 11 589 590 143 596 144
20 1 6 9 589 10 142 145 146
21 1 6 10 589 11 145 143 147
22 1 6 12 590 591 148 597 149
23 1 6 11 590 12 144 148 150
24 1 6 13 591 592 151 598 152
25 1 6 12 591 13 149 151 153
26 1 6 14 592 593 154 599 155
27 1 6 13 592 14 152 154 156
28 1 6 15 593 667 157 600 158
29 1 6 14 593 15 155 157 159
30 1 6 15 667 548 158 558 160
31 1 6 15 548 549 160 559 161
32 1 6 17 549 550 162 560 163
33 1 6 15 549 16 161 164 165
34 1 6 16 549 17 164 162 166
35 1 6 18 550 551 167 561 168
36 1 6 17 550 18 163 167 169
37 1 6 19 551 552 170 562 171
38 1 6 18 551 19 168 170 172
39 1 6 20 552 553 173 563 174
40 1 6 19 552 20 171 173 175
41 1 6 21 553 554 176 564 177
42 1 6 20 553 21 174 176 178
43 1 6 22 554 555 179 565 180
44 1 6 21 554 22 177 179 181
45 1 6 23 555 556 182 566 183
46 1 6 22 555 23 180 182 184
47 1 6 24 556 557 185 567 186
48 1 6 23 556 24 183 185 187
49 1 6 25 557 664 188 568 189
50 1 6 24 557 25 186 188 190
51 1 6 25 664 530 189 533 191
52 1 6 26 530 531 192 534 193
53 1 6 25 530 26 191 192 194
54 1 6 27 531 532 195 535 196
55 1 6 26 531 27 193 195 197
56 1 6 28 532 665 198 536 199
57 1 6 27 532 28 196 198 200
58 1 6 28 665 537 199 542 201
59 1 6 29 537 538 202 543 203
60 1 6 28 537 29 201 202 204
61 1 6 30 538 539 205 544 206
62 1 6 29 538 30 203 205 207
63 1 6 31 539 540 208 545 209
64 1 6 30 539 31 206 208 210
65 1 6 32 540 541 211 546 212
66 1 6 31 540 32 209 211 213
67 1 6 33 541 666 214 547 215
68 1 6 32 541 33 212 214 216
69 1 6 33 666 569 215 578 217
70 1 6 33 569 570 217 579 218
71 1 6 34 570 571 219 580 220
72 1 6 33 570 34 218 219 221
73 1 6 35 571 572 222 581 223
74 1 6 34 571 35 220 222 224
75 1 6 36 572 573 225 582 226
76 1 6 35 572 36 223 225 227
77 1 6 37 573 574 228 583 229
78 1 6 36 573 37 226 228 230
79 1 6 38 574 575 231 584 232
80 1 6 37 574 38 229 231 233
81 1 6 39 575 576 234 585 235
82 1 6 38 575 39 232 234 236
83 1 6 40 576 577 237 586 238
84 1 6 39 576 40 235 237 239
85 1 6 41 577 668 240 587 241
86 1 6 40 577 41 238 240 242
87 1 6 41 668 601 241 606 243
88 1 6 41 601 602 243 607 244
89 1 6 43 602 603 245 608 246
90 1 6 41 602 42 244 247 248
91 1 6 42 602 43 247 245 249
92 1 6 44 603 604 250 609 251
93 1 6 43 603 44 246 250 252
94 1 6 45 604 605 253 610 254
95 1 6 44 604 45 251 253 255
96 1 6 46 605 670 256 611 257
97 1 6 45 605 46 254 256 258
98 1 6 46 670 612 257 618 259
99 1 6 47 612 613 260 619 261
100 1 6 46 612 47 259 260 262
101 1 6 48 613 614 263 620 264
102 1 6 47 613 48 261 263 265
103 1 6 49 614 615 266 621 267
104 1 6 48 614 49 264 266 268
105 1 6 50 615 616 269 622 270
106 1 6 49 615 50 267 269 271
107 1 6 51 616 617 272 623 273
108 1 6 50 616 51 270 272 274
109 1 6 52 617 671 275 624 276
110 1 6 51 617 52 273 275 277
111 1 6 52 671 646 276 651 278
112 1 6 53 646 647 279 652 280
113 1 6 52 646 53 278 279 281
114 1 6 54 647 648 282 653 283
115 1 6 53 647 54 280 282 284
116 1 6 55 648 649 285 654 286
117 1 6 54 648 55 283 285 287
118 1 6 56 649 650 288 655 289
119 1 6 55 649 56 286 288 290
120 1 6 57 650 673 291 656 292
121 1 6 56 650 57 289 291 293
122 1 6 57 673 657 292 660 294
123 1 6 58 657 658 295 661 296
124 1 6 57 657 58 294 295 297
125 1 6 59 658 659 298 662 299
126 1 6 58 658 59 296 298 300
127 1 6 60 659 672 301 663 302
128 1 6 59 659 60 299 301 303
129 1 6 60 672 625 302 643 304
130 1 6 61 625 626 305 644 306
131 1 6 60 625 61 304 305 307
132 1 6 1 626 627 308 645 118
133 1 6 61 626 1 306 308 309
134 1 6 15 16 14 165 310 159
135 1 6 25 26 24 194 311 190
136 1 6 41 42 40 248 312 242
137 1 6 60 61 59 307 313 303
138 1 6 63 3 4 314 125 315
139 1 6 62 3 63 316 314 317
140 1 6 64 4 5 318 128 319
141 1 6 63 4 64 315 318 320
142 1 6 65 5 6 321 131 322
143 1 6 64 5 65 319 321 323
144 1 6 66 6 7 324 134 325
145 1 6 65 6 66 322 324 326
146 1 6 67 7 8 327 137 328
147 1 6 66 7 67 325 327 329
148 1 6 10 8 9 330 140 146
149 1 6 67 8 10 328 330 331
150 1 6 68 10 11 332 147 333
151 1 6 67 10 68 331 332 334
152 1 6 69 11 12 335 150 336
153 1 6 68 11 69 333 335 337
154 1 6 70 12 13 338 153 339
155 1 6 69 12 70 336 338 340
156 1 6 71 13 14 341 156 342
157 1 6 70 13 71 339 341 343
158 1 6 72 14 16 344 310 345
159 1 6 71 14 72 342 344 346
160 1 6 73 16 17 347 166 348
161 1 6 72 16 73 345 347 349
162 1 6 74 17 18 350 169 351
163 1 6 73 17 74 348 350 352
164 1 6 75 18 19 353 172 354
165 1 6 74 18 75 351 353 355
166 1 6 76 19 20 356 175 357
167 1 6 75 19 76 354 356 358
168 1 6 77 20 21 359 178 360
169 1 6 76 20 77 357 359 361
170 1 6 78 21 22 362 181 363
171 1 6 77 21 78 360 362 364
172 1 6 79 22 23 365 184 366
173 1 6 78 22 79 363 365 367
174 1 6 80 23 24 368 187 369
175 1 6 79 23 80 366 368 370
176 1 6 80 24 26 369 311 371
177 1 6 81 26 27 372 197 373
178 1 6 80 26 81 371 372 374
179 1 6 82 27 28 375 200 376
180 1 6 81 27 82 373 375 377
181 1 6 82 28 29 376 204 378
182 1 6 83 29 30 379 207 380
183 1 6 82 29 83 378 379 381
184 1 6 84 30 31 382 210 383
185 1 6 83 30 84 380 382 384
186 1 6 85 31 32 385 213 386
187 1 6 84 31 85 383 385 387
188 1 6 86 32 33 388 216 389
189 1 6 85 32 86 386 388 390
190 1 6 86 33 34 389 221 391
191 1 6 88 34 35 392 224 393
192 1 6 86 34 87 391 394 395
193 1 6 87 34 88 394 392 396
194 1 6 89 35 36 397 227 398
195 1 6 88 35 89 393 397 399
196 1 6 89 36 37 398 230 400
197 1 6 90 37 38 401 233 402
198 1 6 89 37 90 400 401 403
199 1 6 91 38 39 404 236 405
200 1 6 90 38 91 402 404 406
201 1 6 92 39 40 407 239 408
202 1 6 91 39 92 405 407 409
203 1 6 92 40 42 408 312 410
204 1 6 93 42 43 411 249 412
205 1 6 92 42 93 410 411 413
206 1 6 94 43 44 414 252 415
207 1 6 93 43 94 412 414 416
208 1 6 95 44 45 417 255 418
209 1 6 94 44 95 415 417 419
210 1 6 96 45 46 420 258 421
211 1 6 95 45 96 418 420 422
212 1 6 96 46 47 421 262 423
213 1 6 97 47 48 424 265 425
214 1 6 96 47 97 423 424 426
215 1 6 99 48 49 427 268 428
216 1 6 97 48 98 425 429 430
217 1 6 98 48 99 429 427 431
218 1 6 100 49 50 432 271 433
219 1 6 99 49 100 428 432 434
220 1 6 102 50 51 435 274 436
221 1 6 100 50 101 433 437 438
222 1 6 101 50 102 437 435 439
223 1 6 103 51 52 440 277 441
224 1 6 102 51 103 436 440 442
225 1 6 103 52 53 441 281 443
226 1 6 104 53 54 444 284 445
227 1 6 103 53 104 443 444 446
228 1 6 105 54 55 447 287 448
229 1 6 104 54 105 445 447 449
230 1 6 106 55 56 450 290 451
231 1 6 105 55 106 448 450 452
232 1 6 107 56 57 453 293 454
233 1 6 106 56 107 451 453 455
234 1 6 107 57 58 454 297 456
235 1 6 108 58 59 457 300 458
236 1 6 107 58 108 456 457 459
237 1 6 109 59 61 460 313 461
238 1 6 108 59 109 458 460 462
239 1 6 109 61 1 461 309 463
240 1 6 110 1 2 464 119 465
241 1 6 109 1 110 463 464 466
242 1 6 62 2 3 467 122 316
243 1 6 110 2 62 465 467 468
244 1 6 82 83 81 381 469 377
245 1 6 107 108 106 459 470 455
246 1 6 79 111 78 471 472 367
247 1 6 80 112 79 473 474 370
248 1 6 112 81 83 475 469 476
249 1 6 112 80 81 473 374 475
250 1 6 112 111 79 477 471 474
251 1 6 84 112 83 478 476 384
252 1 6 84 111 112 479 477 478
253 1 6 85 111 84 480 479 387
254 1 6 78 87 77 481 482 364
255 1 6 78 111 87 472 483 481
256 1 6 87 85 86 484 390 395
257 1 6 87 111 85 483 480 484
258 1 6 101 63 64 485 320 486
259 1 6 101 115 63 487 488 485
260 1 6 108 113 106 489 490 470
261 1 6 113 109 110 491 466 492
262 1 6 113 108 109 489 462 491
263 1 6 105 113 114 493 494 495
264 1 6 105 106 113 452 490 493
265 1 6 114 110 62 496 468 497
266 1 6 114 113 110 494 492 496
267 1 6 114 104 105 498 449 495
268 1 6 104 102 103 499 442 446
269 1 6 102 115 101 500 487 439
270 1 6 102 104 115 499 501 500
271 1 6 115 62 63 502 317 488
272 1 6 114 115 104 503 501 498
273 1 6 114 62 115 497 502 503
274 1 6 67 99 66 504 505 329
275 1 6 67 98 99 506 431 504
276 1 6 65 100 64 507 508 323
277 1 6 100 101 64 438 486 508
278 1 6 99 65 66 509 326 505
279 1 6 99 100 65 434 507 509
280 1 6 89 76 88 510 511 399
281 1 6 88 77 87 512 482 396
282 1 6 88 76 77 511 361 512
283 1 6 98 68 97 513 514 430
284 1 6 98 67 68 506 334 513
285 1 6 69 95 68 515 516 337
286 1 6 69 94 95 517 419 515
287 1 6 97 95 96 518 422 426
288 1 6 97 68 95 514 516 518
289 1 6 91 73 90 519 520 406
290 1 6 91 72 73 521 349 519
291 1 6 74 90 73 522 520 352
292 1 6 89 75 76 523 358 510
293 1 6 75 90 74 524 522 355
294 1 6 75 89 90 523 403 524
295 1 6 94 70 93 525 526 416
296 1 6 94 69 70 517 340 525
297 1 6 92 71 91 527 528 409
298 1 6 71 72 91 346 521 528
299 1 6 70 92 93 529 413 526
300 1 6 70 71 92 343 527 529
# Propriedades do material
1
1 1
