# - Escoamento_Potencial de velocidade
# Coordenadas dos nos
55
# Matriz de incidências/conectividades
2100 125
5 -100 63
6 -50 63
7 -50 125
8 -200 63
9 -150 63
10 -150 125
11 -300 63
12 -250 63
13 -250 125
14 -400 63
15 -350 63
16 -350 125
17 -450 63
18 -450 125
19 -450 188
20 -400 188
21 -350 188
22 -300 188
23 -250 188
24 -200 188
25 -150 188
26 -100 188
27 -50 188
28 -500 125
29 -500 63
30 -500 188
31 -100 0
32 -200 0
33 -300 0
34 -400 0
35 -50 0
36 -150 0
37 -250 0
38 -350 0
39 -450 0
40 -400 250
41 -300 250
42 -200 250
43 -100 250
44 -450 250
45 -350 250
46 -250 250
47 -150 250
48 -50 250
49 0 125
50 0 63
51 0 188
52 -500 0
53 -500 250
54 0 0
55 0 250
1 1 6 54 31 1 35 5 6
2 1 6 54 1 49 6 7 50
3 1 6 31 32 2 36 8 9
4 1 6 31 2 1 9 10 5
5 1 6 32 33 3 37 11 12
6 1 6 32 3 2 12 13 8
7 1 6 33 34 4 38 14 15
8 1 6 33 4 3 15 16 11
9 1 6 34 52 28 39 29 17
10 1 6 34 28 4 17 18 14
11 1 6 4 28 53 18 30 19
12 1 6 4 53 40 19 44 20
13 1 6 3 4 40 16 20 21
14 1 6 3 40 41 21 45 22
15 1 6 2 3 41 13 22 23
16 1 6 2 41 42 23 46 24
17 1 6 1 2 42 10 24 25
18 1 6 1 42 43 25 47 26
19 1 6 49 1 43 7 26 27
20 1 6 49 43 55 27 48 51
21 1 6 49 43 55 27 48 51
