# - Escoamento_Potencial de velocidade
# Coordenadas dos nos
135
1 0 0
2 0 800
3 1000 800
4 1800 0
5 1600 800
6 2200 0
7 2400 800
8 3000 800
9 4000 0
10 4000 800
11 0 266.6667
12 0 533.3333
13 309.2488 800
14 593.585 800
15 822.6058 800
16 1581.4593 0
17 1009.9062 0
18 704.9531 0
19 1040.1937 650.0008
20 1150.0008 540.1937
21 1449.9992 540.1937
22 1559.8063 650.0008
23 2141.4214 141.4214
24 1858.5787 141.4213
25 1808.6737 800
26 2086.2192 800
27 2421.9961 574.4974
28 2469.786 415.356
29 2555.8726 273.7332
30 2868.0657 303.0508
31 2969.7653 537.5681
32 3387.589 0
33 3036.4693 0
34 2495.4183 0
35 2342.1523 0
36 3318.8543 800
37 3659.4272 800
38 4000 533.3333
39 4000 266.6667
40 3597.6993 283.0281
41 3461.2278 561.6902
42 3778.7275 541.6412
43 3215.6132 327.2219
44 3192.3348 607.3984
45 2278.4778 457.2047
46 2139.3448 294.6757
47 1910.9844 302.1099
48 1211.8142 442.6401
49 1183.9644 263.5824
50 715.4369 574.3416
51 583.2349 317.2487
52 502.2691 582.7323
53 295.1424 419.031
54 881.5645 320.4635
55 1063.5437 476.5112
56 919.5826 608.4391
57 1363.6805 403.0521
58 1453.5176 220.3611
59 1576.5441 438.5685
60 1716.851 612.0996
61 1778.4781 422.6486
62 1707.0838 218.6236
63 2240.4464 634.9786
64 2359.4413 286.1728
65 2271.2807 141.1008
66 2432.7079 136.4388
67 2574.7463 123.5392
68 400 0
69 1300 0
70 1300 500
71 2000 550
72 2000 200
73 2700.0001 200.0289
74 2700 0
75 3750 0
76 2000 -550
77 3597.6993 -283.0281
78 3461.2278 -561.6902
79 3778.7275 -541.6412
80 3215.6132 -327.2219
81 3192.3348 -607.3984
82 2278.4778 -457.2047
83 2139.3448 -294.6757
84 1910.9844 -302.1099
85 1211.8142 -442.6401
86 1183.9644 -263.5824
87 715.4369 -574.3416
88 583.2349 -317.2487
89 502.2691 -582.7323
90 295.1424 -419.031
91 881.5645 -320.4635
92 1063.5437 -476.5112
93 919.5826 -608.4391
94 1363.6805 -403.0521
95 1453.5176 -220.3611
96 1576.5441 -438.5685
97 1716.851 -612.0996
98 1778.4781 -422.6486
99 1707.0838 -218.6236
100 2240.4464 -634.9786
101 2359.4413 -286.1728
102 2271.2807 -141.1008
103 2432.7079 -136.4388
104 2574.7463 -123.5392
105 0 -266.6667
106 0 -533.3333
107 309.2488 -800
108 593.585 -800
109 822.6058 -800
110 1040.1937 -650.0008
111 1150.0008 -540.1937
112 1300 -500
113 1449.9992 -540.1937
114 1559.8063 -650.0008
115 2141.4214 -141.4214
116 2000 -200
117 1858.5787 -141.4213
118 1808.6737 -800
119 2086.2192 -800
120 2421.9961 -574.4974
121 2469.786 -415.356
122 2555.8726 -273.7332
123 2700.0001 -200.0289
124 2868.0657 -303.0508
125 2969.7653 -537.5681
126 3318.8543 -800
127 3659.4272 -800
128 4000 -533.3333
129 4000 -266.6667
130 0 -800
131 1000 -800
132 1600 -800
133 2400 -800
134 3000 -800
135 4000 -800
# Matriz de incidências/conectividades
204
1 1 3 71 25 26
2 1 3 37 41 36
3 1 3 75 39 9
4 1 3 75 40 39
5 1 3 37 42 41
6 1 3 42 10 38
7 1 3 42 37 10
8 1 3 42 40 41
9 1 3 39 42 38
10 1 3 39 40 42
11 1 3 33 43 32
12 1 3 73 33 74
13 1 3 73 30 33
14 1 3 43 30 31
15 1 3 43 33 30
16 1 3 32 40 75
17 1 3 32 43 40
18 1 3 44 36 41
19 1 3 8 44 31
20 1 3 8 36 44
21 1 3 44 43 31
22 1 3 43 41 40
23 1 3 43 44 41
24 1 3 50 14 15
25 1 3 14 52 13
26 1 3 52 50 51
27 1 3 52 14 50
28 1 3 12 53 11
29 1 3 13 12 2
30 1 3 53 13 52
31 1 3 53 12 13
32 1 3 11 68 1
33 1 3 11 53 68
34 1 3 51 53 52
35 1 3 51 68 53
36 1 3 49 55 48
37 1 3 54 49 17
38 1 3 54 55 49
39 1 3 51 18 68
40 1 3 18 54 17
41 1 3 18 51 54
42 1 3 50 54 51
43 1 3 48 20 70
44 1 3 48 55 20
45 1 3 56 50 15
46 1 3 54 56 55
47 1 3 54 50 56
48 1 3 55 56 19
49 1 3 20 55 19
50 1 3 3 56 15
51 1 3 3 19 56
52 1 3 49 69 17
53 1 3 69 58 16
54 1 3 69 49 58
55 1 3 57 48 70
56 1 3 49 57 58
57 1 3 49 48 57
58 1 3 61 71 47
59 1 3 71 60 25
60 1 3 71 61 60
61 1 3 58 62 16
62 1 3 58 59 62
63 1 3 61 59 60
64 1 3 61 62 59
65 1 3 62 4 16
66 1 3 47 62 61
67 1 3 62 24 4
68 1 3 62 47 24
69 1 3 57 59 58
70 1 3 21 57 70
71 1 3 21 59 57
72 1 3 5 60 22
73 1 3 5 25 60
74 1 3 22 59 21
75 1 3 22 60 59
76 1 3 47 72 24
77 1 3 45 71 63
78 1 3 26 63 71
79 1 3 63 27 45
80 1 3 7 63 26
81 1 3 7 27 63
82 1 3 47 46 72
83 1 3 46 71 45
84 1 3 46 47 71
85 1 3 23 72 46
86 1 3 23 65 6
87 1 3 28 45 27
88 1 3 64 45 28
89 1 3 64 46 45
90 1 3 46 65 23
91 1 3 46 64 65
92 1 3 35 66 34
93 1 3 65 35 6
94 1 3 66 65 64
95 1 3 66 35 65
96 1 3 29 64 28
97 1 3 29 66 64
98 1 3 34 67 74
99 1 3 67 73 74
100 1 3 66 67 34
101 1 3 67 29 73
102 1 3 67 66 29
103 1 3 76 119 118
104 1 3 127 126 78
105 1 3 75 9 129
106 1 3 75 129 77
107 1 3 127 78 79
108 1 3 79 128 135
109 1 3 79 135 127
110 1 3 79 78 77
111 1 3 129 128 79
112 1 3 129 79 77
113 1 3 33 32 80
114 1 3 123 74 33
115 1 3 123 33 124
116 1 3 80 125 124
117 1 3 80 124 33
118 1 3 32 75 77
119 1 3 32 77 80
120 1 3 81 78 126
121 1 3 134 125 81
122 1 3 134 81 126
123 1 3 81 125 80
124 1 3 80 77 78
125 1 3 80 78 81
126 1 3 87 109 108
127 1 3 108 107 89
128 1 3 89 88 87
129 1 3 89 87 108
130 1 3 106 105 90
131 1 3 107 130 106
132 1 3 90 89 107
133 1 3 90 107 106
134 1 3 105 1 68
135 1 3 105 68 90
136 1 3 88 89 90
137 1 3 88 90 68
138 1 3 86 85 92
139 1 3 91 17 86
140 1 3 91 86 92
141 1 3 88 68 18
142 1 3 18 17 91
143 1 3 18 91 88
144 1 3 87 88 91
145 1 3 85 112 111
146 1 3 85 111 92
147 1 3 93 109 87
148 1 3 91 92 93
149 1 3 91 93 87
150 1 3 92 110 93
151 1 3 111 110 92
152 1 3 131 109 93
153 1 3 131 93 110
154 1 3 86 17 69
155 1 3 69 16 95
156 1 3 69 95 86
157 1 3 94 112 85
158 1 3 86 95 94
159 1 3 86 94 85
160 1 3 98 84 76
161 1 3 76 118 97
162 1 3 76 97 98
163 1 3 95 16 99
164 1 3 95 99 96
165 1 3 98 97 96
166 1 3 98 96 99
167 1 3 99 16 4
168 1 3 84 98 99
169 1 3 99 4 117
170 1 3 99 117 84
171 1 3 94 95 96
172 1 3 113 112 94
173 1 3 113 94 96
174 1 3 132 114 97
175 1 3 132 97 118
176 1 3 114 113 96
177 1 3 114 96 97
178 1 3 84 117 116
179 1 3 82 100 76
180 1 3 119 76 100
181 1 3 100 82 120
182 1 3 133 119 100
183 1 3 133 100 120
184 1 3 84 116 83
185 1 3 83 82 76
186 1 3 83 76 84
187 1 3 115 83 116
188 1 3 115 6 102
189 1 3 121 120 82
190 1 3 101 121 82
191 1 3 101 82 83
192 1 3 83 115 102
193 1 3 83 102 101
194 1 3 35 34 103
195 1 3 102 6 35
196 1 3 103 101 102
197 1 3 103 102 35
198 1 3 122 121 101
199 1 3 122 101 103
200 1 3 34 74 104
201 1 3 104 74 123
202 1 3 103 34 104
203 1 3 104 123 122
204 1 3 104 122 103
# Propriedades do material
1
1 1
# Fontes e carregamentos distribuidos
0
# Condições de fronteira essenciais
7
9 0
10 0
38 0
39 0
128 0
129 0
135 0
# Fontes/cargas pontuais impostas
0
# Fluxo imposto na fronteira
60
1 25 26 0
2 37 36 0
7 37 10 0
13 73 30 0
14 30 31 0
19 8 31 0
20 8 36 0
24 14 15 0
25 14 13 0
28 12 11 2
29 12 2 2
29 13 2 0
32 11 1 2
43 20 70 0
49 20 19 0
50 3 15 0
51 3 19 0
67 4 24 0
70 21 70 0
72 5 22 0
73 5 25 0
74 22 21 0
76 24 72 0
80 7 26 0
81 7 27 0
85 72 23 0
86 23 6 0
87 28 27 0
96 29 28 0
101 29 73 0
103 119 118 0
104 127 126 0
105 23 124 0
109 135 127 0
116 125 124 0
121 134 125 0
122 134 126 0
126 109 108 0
127 108 107 0
130 106 105 2
131 107 130 0
131 130 106 2
134 105 1 2
145 112 111 0
151 111 110 0
152 131 109 0
153 131 110 0
169 117 4 0
172 113 112 0
174 132 114 0
175 132 118 0
176 114 113 0
178 116 117 0
182 133 119 0
183 133 120 0
187 115 116 0
188 115 6 0
189 121 120 0
198 121 122 0
203 122 123 0
# Condições de fronteira mistas  - Convecção natural
0
