# - Escoamento_Potencial de velocidade
# Coordenadas dos nos
65
1 833.3333 125
2 666.6667 125
3 500 125
4 333.3333 125
5 166.6667 125
6 833.3333 187.5
7 916.6667 187.5
8 916.6667 125
9 666.6667 187.5
10 750 187.5
11 750 125
12 500 187.5
13 583.3333 187.5
14 583.3333 125
15 333.3333 187.5
16 416.6667 187.5
17 416.6667 125
18 166.6667 187.5
19 250 187.5
20 250 125
21 83.3333 187.5
22 83.3333 125
23 83.3333 62.5
24 166.6667 62.5
25 250 62.5
26 333.3333 62.5
27 416.6667 62.5
28 500 62.5
29 583.3333 62.5
30 666.6667 62.5
31 750 62.5
32 833.3333 62.5
33 916.6667 62.5
34 0 125
35 0 187.5
36 0 62.5
37 166.6667 0
38 333.3333 0
39 500 0
40 666.6667 0
41 833.3333 0
42 83.3333 0
43 250 0
44 416.6667 0
45 583.3333 0
46 750 0
47 916.6667 0
48 833.3333 250
49 666.6667 250
50 500 250
51 333.3333 250
52 166.6667 250
53 916.6667 250
54 750 250
55 583.3333 250
56 416.6667 250
57 250 250
58 83.3333 250
59 1000 125
60 1000 187.5
61 1000 62.5
62 0 250
63 0 0
64 1000 0
65 1000 250
# Matriz de incidências/conectividades
24
1 1 6 65 48 1 53 6 7
2 1 6 65 1 59 7 8 60
3 1 6 48 49 2 54 9 10
4 1 6 48 2 1 10 11 6
5 1 6 49 50 3 55 12 13
6 1 6 49 3 2 13 14 9
7 1 6 50 51 4 56 15 16
8 1 6 50 4 3 16 17 12
9 1 6 51 52 5 57 18 19
10 1 6 51 5 4 19 20 15
11 1 6 52 62 34 58 35 21
12 1 6 52 34 5 21 22 18
13 1 6 5 34 63 22 36 23
14 1 6 5 63 37 23 42 24
15 1 6 4 5 37 20 24 25
16 1 6 4 37 38 25 43 26
17 1 6 3 4 38 17 26 27
18 1 6 3 38 39 27 44 28
19 1 6 2 3 39 14 28 29
20 1 6 2 39 40 29 45 30
21 1 6 1 2 40 11 30 31
22 1 6 1 40 41 31 46 32
23 1 6 59 1 41 8 32 33
24 1 6 59 41 64 33 47 61
# Propriedades do material
1
1 1
# Fontes e carregamentos distribuidos
0
# Condições de fronteira essenciais
5
59 0
60 0
61 0
64 0
65 0
# Fontes/cargas pontuais impostas
0
# Fluxo imposto na fronteira
14
1 65 48 53 0
3 48 49 54 0
5 49 50 55 0
7 50 51 56 0
9 51 52 57 0
11 62 58 52 0
11 62 34 35 2
13 34 63 36 2
14 63 42 37 0
16 37 38 43 0
18 38 39 44 0
20 39 40 45 0
22 40 41 46 0
24 41 47 64 0
# Condições de fronteira mistas  - Convecção natural
0
